1505799485 48.9061 9.0789
1505799490 48.9059 9.0789
1505799495 48.9056 9.0788
1505799500 48.9055 9.0785
1505799511 48.9054 9.0779
1505799517 48.9053 9.0777
1505799522 48.9054 9.0777
1505799527 48.9054 9.0776
1505799532 48.9054 9.0776
1505799537 48.9051 9.0775
1505799542 48.9046 9.0776
1505799548 48.9040 9.0780
1505799553 48.9038 9.0782
1505799558 48.9038 9.0784
1505799563 48.9038 9.0784
1505799568 48.9038 9.0784
1505799573 48.9038 9.0784
1505799580 48.9038 9.0785
1505799585 48.9037 9.0786
1505799590 48.9037 9.0787
1505799595 48.9036 9.0787
1505799600 48.9036 9.0787
1505799605 48.9036 9.0787
1505799611 48.9036 9.0787
1505799616 48.9036 9.0787
1505799621 48.9036 9.0787
1505799626 48.9036 9.0787
1505799631 48.9036 9.0787
1505799637 48.9036 9.0787
1505799643 48.9036 9.0787
1505799648 48.9036 9.0787
1505799653 48.9036 9.0787
1505799658 48.9036 9.0787
1505799663 48.9036 9.0787
1505799668 48.9036 9.0788
1505799674 48.9035 9.0790
1505799679 48.9035 9.0790
1505799684 48.9034 9.0792
1505799688 48.9035 9.0793
1505799693 48.9034 9.0795
1505799698 48.9033 9.0797
1505799704 48.9033 9.0799
1505799709 48.9032 9.0800
1505799714 48.9032 9.0800
1505799719 48.9032 9.0801
1505799724 48.9031 9.0802
1505799729 48.9030 9.0804
1505799735 48.9029 9.0807
1505799740 48.9029 9.0809
1505799745 48.9029 9.0811
1505799750 48.9029 9.0812
1505799756 48.9029 9.0813
1505799761 48.9029 9.0815
1505799767 48.9029 9.0817
1505799772 48.9030 9.0819
1505799777 48.9030 9.0820
1505799782 48.9030 9.0820
1505799787 48.9030 9.0821
1505799792 48.9030 9.0821
1505799798 48.9030 9.0821
1505799803 48.9030 9.0821
1505799809 48.9029 9.0821
1505799814 48.9029 9.0821
1505799819 48.9029 9.0821
1505799824 48.9029 9.0821
1505799830 48.9030 9.0824
1505799835 48.9030 9.0826
1505799840 48.9029 9.0830
1505799845 48.9026 9.0833
1505799850 48.9024 9.0835
1505799855 48.9020 9.0840
1505799861 48.9015 9.0845
1505799867 48.9011 9.0849
1505799872 48.9007 9.0852
1505799877 48.9001 9.0854
1505799882 48.8994 9.0856
1505799887 48.8990 9.0857
1505799893 48.8981 9.0859
1505799898 48.8975 9.0861
1505799903 48.8970 9.0862
1505799908 48.8962 9.0868
1505799913 48.8955 9.0873
1505799919 48.8947 9.0879
1505799925 48.8940 9.0884
1505799930 48.8930 9.0889
1505799935 48.8920 9.0894
1505799940 48.8916 9.0896
1505799945 48.8909 9.0902
1505799950 48.8905 9.0905
1505799956 48.8902 9.0906
1505799961 48.8900 9.0908
1505799966 48.8898 9.0910
1505799971 48.8893 9.0914
1505799976 48.8889 9.0918
1505799981 48.8884 9.0921
1505799988 48.8880 9.0925
1505799993 48.8876 9.0928
1505799998 48.8872 9.0931
1505800003 48.8868 9.0933
1505800008 48.8865 9.0935
1505800013 48.8864 9.0936
1505800019 48.8863 9.0936
1505800024 48.8863 9.0936
1505800029 48.8863 9.0936
1505800035 48.8863 9.0936
1505800040 48.8858 9.0939
1505800045 48.8857 9.0940
1505800051 48.8849 9.0944
1505800056 48.8846 9.0946
1505800061 48.8841 9.0951
1505800066 48.8835 9.0957
1505800071 48.8828 9.0964
1505800076 48.8824 9.0969
1505800082 48.8820 9.0972
1505800087 48.8819 9.0973
1505800093 48.8819 9.0973
1505800098 48.8819 9.0973
1505800103 48.8818 9.0974
1505800108 48.8816 9.0975
1505800114 48.8814 9.0978
1505800119 48.8814 9.0983
1505800124 48.8815 9.0991
1505800129 48.8816 9.0995
1505800135 48.8819 9.1002
1505800140 48.8823 9.1010
1505800146 48.8827 9.1020
1505800151 48.8831 9.1030
1505800156 48.8836 9.1042
1505800161 48.8840 9.1053
1505800166 48.8843 9.1065
1505800171 48.8845 9.1079
1505800177 48.8847 9.1095
1505800182 48.8847 9.1108
1505800187 48.8847 9.1116
1505800193 48.8846 9.1138
1505800198 48.8845 9.1144
1505800203 48.8842 9.1156
1505800209 48.8840 9.1166
1505800214 48.8838 9.1174
1505800219 48.8836 9.1182
1505800224 48.8835 9.1187
1505800229 48.8835 9.1190
1505800234 48.8834 9.1194
1505800241 48.8833 9.1198
1505800246 48.8832 9.1203
1505800251 48.8832 9.1206
1505800256 48.8831 9.1211
1505800261 48.8831 9.1218
1505800266 48.8830 9.1226
1505800272 48.8830 9.1237
1505800278 48.8830 9.1247
1505800283 48.8830 9.1255
1505800288 48.8831 9.1259
1505800293 48.8831 9.1263
1505800298 48.8832 9.1269
1505800304 48.8833 9.1276
1505800309 48.8834 9.1283
1505800314 48.8835 9.1289
1505800319 48.8835 9.1292
1505800324 48.8835 9.1294
1505800330 48.8835 9.1294
1505800336 48.8835 9.1294
1505800341 48.8835 9.1294
1505800346 48.8836 9.1296
1505800351 48.8837 9.1301
1505800356 48.8840 9.1310
1505800361 48.8841 9.1315
1505800368 48.8846 9.1328
1505800373 48.8851 9.1340
1505800378 48.8853 9.1347
1505800383 48.8857 9.1358
1505800388 48.8859 9.1369
1505800393 48.8862 9.1380
1505800399 48.8863 9.1395
1505800404 48.8864 9.1401
1505800409 48.8864 9.1409
1505800414 48.8864 9.1411
1505800420 48.8864 9.1411
1505800425 48.8863 9.1416
1505800431 48.8863 9.1424
1505800436 48.8863 9.1429
1505800441 48.8860 9.1441
1505800446 48.8858 9.1451
1505800451 48.8855 9.1462
1505800456 48.8852 9.1473
1505800462 48.8849 9.1477
1505800467 48.8846 9.1475
1505800472 48.8841 9.1465
1505800478 48.8842 9.1457
1505800483 48.8851 9.1458
1505800488 48.8862 9.1464
1505800494 48.8875 9.1470
1505800499 48.8890 9.1478
1505800504 48.8902 9.1484
1505800509 48.8917 9.1492
1505800514 48.8930 9.1499
1505800519 48.8938 9.1503
1505800526 48.8958 9.1514
1505800531 48.8971 9.1521
1505800536 48.8986 9.1529
1505800541 48.8993 9.1533
1505800546 48.9007 9.1539
1505800551 48.9020 9.1543
1505800557 48.9031 9.1545
1505800562 48.9044 9.1546
1505800567 48.9050 9.1546
1505800572 48.9062 9.1546
1505800577 48.9076 9.1546
1505800583 48.9091 9.1546
1505800589 48.9102 9.1546
1505800594 48.9116 9.1546
1505800599 48.9131 9.1546
1505800604 48.9143 9.1547
1505800609 48.9156 9.1550
1505800614 48.9163 9.1552
1505800620 48.9184 9.1561
1505800625 48.9192 9.1565
1505800630 48.9206 9.1576
1505800635 48.9220 9.1589
1505800641 48.9231 9.1602
1505800646 48.9244 9.1621
1505800652 48.9253 9.1637
1505800657 48.9263 9.1658
1505800662 48.9268 9.1669
1505800667 48.9274 9.1688
1505800672 48.9281 9.1708
1505800677 48.9288 9.1733
1505800683 48.9296 9.1758
1505800688 48.9302 9.1778
1505800694 48.9309 9.1803
1505800699 48.9316 9.1823
1505800704 48.9324 9.1846
1505800709 48.9333 9.1863
1505800715 48.9346 9.1882
1505800720 48.9357 9.1897
1505800725 48.9364 9.1904
1505800740 48.9404 9.1940
1505800747 48.9417 9.1951
1505800752 48.9431 9.1963
1505800757 48.9444 9.1973
1505800762 48.9459 9.1986
1505800767 48.9473 9.2000
1505800772 48.9481 9.2008
1505800778 48.9496 9.2030
1505800783 48.9508 9.2050
1505800788 48.9514 9.2061
1505800793 48.9524 9.2078
1505800798 48.9536 9.2098
1505800804 48.9548 9.2119
1505800810 48.9560 9.2139
1505800815 48.9571 9.2155
1505800820 48.9582 9.2169
1505800825 48.9597 9.2183
1505800830 48.9605 9.2190
1505800835 48.9620 9.2204
1505800841 48.9633 9.2215
1505800846 48.9646 9.2227
1505800851 48.9662 9.2241
1505800857 48.9675 9.2252
1505800862 48.9690 9.2266
1505800867 48.9706 9.2279
1505800873 48.9723 9.2288
1505800878 48.9737 9.2293
1505800883 48.9746 9.2295
1505800888 48.9764 9.2297
1505800893 48.9779 9.2298
1505800898 48.9797 9.2299
1505800904 48.9812 9.2300
1505800910 48.9827 9.2301
1505800915 48.9842 9.2302
1505800920 48.9859 9.2306
1505800925 48.9875 9.2313
1505800930 48.9887 9.2318
1505800936 48.9898 9.2322
1505800941 48.9910 9.2326
1505800946 48.9923 9.2328
1505800951 48.9935 9.2329
1505800956 48.9943 9.2330
1505800961 48.9958 9.2331
1505800968 48.9975 9.2332
1505800973 48.9987 9.2335
1505800978 49.0002 9.2341
1505800983 49.0013 9.2347
1505800988 49.0020 9.2352
1505800993 49.0033 9.2363
1505800999 49.0048 9.2377
1505801004 49.0058 9.2387
1505801010 49.0067 9.2396
1505801015 49.0079 9.2409
1505801020 49.0089 9.2420
1505801025 49.0095 9.2427
1505801031 49.0111 9.2443
1505801036 49.0122 9.2452
1505801041 49.0133 9.2459
1505801046 49.0140 9.2463
1505801051 49.0154 9.2469
1505801056 49.0166 9.2471
1505801063 49.0186 9.2475
1505801068 49.0193 9.2477
1505801073 49.0208 9.2482
1505801078 49.0220 9.2489
1505801083 49.0231 9.2497
1505801088 49.0242 9.2506
1505801094 49.0255 9.2516
1505801099 49.0269 9.2525
1505801105 49.0281 9.2531
1505801110 49.0296 9.2535
1505801115 49.0309 9.2537
1505801120 49.0316 9.2537
1505801126 49.0330 9.2540
1505801131 49.0344 9.2545
1505801136 49.0358 9.2552
1505801141 49.0368 9.2560
1505801146 49.0378 9.2568
1505801151 49.0383 9.2574
1505801158 49.0400 9.2591
1505801163 49.0405 9.2597
1505801168 49.0416 9.2608
1505801173 49.0425 9.2617
1505801178 49.0436 9.2628
1505801183 49.0445 9.2637
1505801189 49.0455 9.2648
1505801194 49.0464 9.2657
1505801200 49.0469 9.2662
1505801205 49.0479 9.2669
1505801210 49.0491 9.2674
1505801215 49.0504 9.2677
1505801221 49.0516 9.2679
1505801226 49.0527 9.2681
1505801231 49.0540 9.2684
1505801236 49.0548 9.2686
1505801241 49.0557 9.2692
1505801246 49.0561 9.2701
1505801253 49.0565 9.2708
1505801258 49.0570 9.2712
1505801263 49.0573 9.2713
1505801268 49.0573 9.2714
1505801273 49.0573 9.2714
1505801278 49.0573 9.2714
1505801284 49.0573 9.2714
1505801289 49.0573 9.2714
1505801294 49.0573 9.2714
1505801299 49.0573 9.2714
1505801304 49.0573 9.2714
1505801309 49.0574 9.2714
1505801316 49.0574 9.2714
1505801321 49.0574 9.2714
1505801326 49.0574 9.2714
1505801331 49.0574 9.2714
1505801336 49.0574 9.2714
1505801341 49.0576 9.2715
1505801347 49.0580 9.2716
1505801352 49.0585 9.2718
1505801357 49.0591 9.2723
1505801362 49.0593 9.2730
1505801367 49.0594 9.2734
1505801372 49.0594 9.2745
1505801379 49.0594 9.2759
1505801384 49.0592 9.2767
1505801389 49.0591 9.2771
1505801394 49.0595 9.2774
1505801399 49.0601 9.2776
1505801404 49.0608 9.2779
1505801410 49.0618 9.2782
1505801415 49.0628 9.2789
1505801421 49.0635 9.2797
1505801426 49.0643 9.2810
1505801431 49.0648 9.2820
1505801436 49.0652 9.2830
1505801442 49.0657 9.2840
1505801447 49.0660 9.2847
1505801452 49.0661 9.2849
1505801457 49.0662 9.2851
1505801462 49.0662 9.2853
1505801467 49.0665 9.2857
1505801474 49.0668 9.2864
1505801479 49.0671 9.2870
1505801484 49.0673 9.2876
1505801489 49.0676 9.2882
1505801494 49.0677 9.2885
1505801499 49.0678 9.2889
1505801505 49.0681 9.2898
1505801510 49.0682 9.2902
1505801515 49.0685 9.2909
1505801521 49.0690 9.2907
1505801526 49.0694 9.2903
1505801531 49.0699 9.2899
1505801537 49.0702 9.2906
1505801542 49.0703 9.2911
1505801547 49.0704 9.2920
1505801552 49.0706 9.2926
1505801557 49.0707 9.2933
1505801562 49.0710 9.2941
1505801569 49.0715 9.2956
1505801574 49.0719 9.2971
1505801579 49.0721 9.2978
1505801584 49.0726 9.2990
1505801589 49.0732 9.3003
1505801594 49.0736 9.3018
1505801600 49.0739 9.3028
1505801606 49.0742 9.3027
1505801611 49.0742 9.3020
1505801616 49.0742 9.3009
1505801621 49.0745 9.3005
1505801626 49.0748 9.3005
1505801632 49.0753 9.3011
1505801637 49.0753 9.3012
1505801642 49.0754 9.3013
1505801647 49.0754 9.3014
1505801652 49.0755 9.3015
1505801657 49.0754 9.3017
1505801664 49.0752 9.3025
1505801669 49.0752 9.3028
1505801674 49.0751 9.3032
1505801679 49.0752 9.3035
1505801684 49.0752 9.3038
1505801689 49.0753 9.3043
1505801695 49.0755 9.3047
1505801700 49.0758 9.3052
1505801706 49.0760 9.3056
1505801711 49.0759 9.3058
1505801716 49.0760 9.3060
1505801721 49.0761 9.3062
1505836245 49.0765 9.3072
1505836250 49.0765 9.3072
1505836255 49.0765 9.3072
1505836260 49.0765 9.3072
1505836265 49.0765 9.3073
1505836270 49.0765 9.3072
1505836276 49.0764 9.3071
1505836278 49.0764 9.3070
1505836283 49.0765 9.3068
1505836289 49.0766 9.3067
1505836294 49.0765 9.3064
1505836299 49.0762 9.3059
1505836305 49.0759 9.3055
1505836310 49.0756 9.3050
1505836315 49.0754 9.3045
1505836320 49.0752 9.3039
1505836325 49.0752 9.3034
1505836330 49.0752 9.3031
1505836337 49.0753 9.3022
1505836342 49.0754 9.3016
1505836347 49.0755 9.3014
1505836352 49.0754 9.3010
1505836357 49.0751 9.3009
1505836362 49.0748 9.3004
1505836368 49.0743 9.3005
1505836373 49.0741 9.3014
1505836378 49.0741 9.3023
1505836383 49.0739 9.3027
1505836388 49.0738 9.3025
1505836394 49.0735 9.3015
1505836400 49.0733 9.3006
1505836405 49.0727 9.2992
1505836410 49.0722 9.2980
1505836415 49.0720 9.2973
1505836420 49.0716 9.2960
1505836425 49.0712 9.2946
1505836431 49.0708 9.2935
1505836436 49.0707 9.2932
1505836441 49.0707 9.2928
1505836446 49.0705 9.2923
1505836452 49.0703 9.2914
1505836457 49.0702 9.2906
1505836463 49.0700 9.2899
1505836468 49.0697 9.2898
1505836473 49.0691 9.2905
1505836478 49.0688 9.2907
1505836483 49.0684 9.2908
1505836488 49.0682 9.2904
1505836494 49.0680 9.2898
1505836500 49.0678 9.2890
1505836505 49.0676 9.2883
1505836510 49.0673 9.2877
1505836515 49.0670 9.2870
1505836520 49.0667 9.2863
1505836526 49.0663 9.2855
1505836531 49.0662 9.2852
1505836537 49.0658 9.2843
1505836542 49.0653 9.2833
1505836547 49.0650 9.2825
1505836552 49.0643 9.2811
1505836558 49.0636 9.2798
1505836563 49.0626 9.2787
1505836568 49.0620 9.2783
1505836573 49.0611 9.2779
1505836578 49.0603 9.2776
1505836583 49.0598 9.2774
1505836589 49.0593 9.2772
1505836594 49.0592 9.2771
1505836599 49.0593 9.2767
1505836604 49.0594 9.2757
1505836610 49.0594 9.2748
1505836615 49.0594 9.2738
1505836621 49.0593 9.2729
1505836626 49.0589 9.2720
1505836631 49.0584 9.2717
1505836636 49.0580 9.2714
1505836641 49.0579 9.2714
1505836646 49.0579 9.2714
1505836652 49.0579 9.2714
1505836657 49.0579 9.2714
1505836663 49.0579 9.2714
1505836668 49.0579 9.2714
1505836673 49.0579 9.2714
1505836678 49.0579 9.2714
1505836684 49.0579 9.2714
1505836689 49.0579 9.2714
1505836694 49.0577 9.2713
1505836699 49.0578 9.2707
1505836704 49.0580 9.2697
1505836716 49.0583 9.2680
1505836721 49.0585 9.2677
1505836731 49.0593 9.2680
1505836736 49.0594 9.2684
1505836741 49.0591 9.2691
1505836747 49.0584 9.2688
1505836752 49.0574 9.2686
1505836757 49.0565 9.2684
1505836762 49.0553 9.2682
1505836768 49.0539 9.2680
1505836773 49.0526 9.2678
1505836779 49.0508 9.2675
1505836784 49.0500 9.2674
1505836789 49.0486 9.2669
1505836794 49.0475 9.2662
1505836799 49.0462 9.2652
1505836804 49.0452 9.2642
1505836811 49.0441 9.2630
1505836816 49.0430 9.2619
1505836821 49.0424 9.2612
1505836826 49.0410 9.2599
1505836831 49.0397 9.2585
1505836836 49.0386 9.2574
1505836842 49.0372 9.2560
1505836847 49.0359 9.2551
1505836852 49.0346 9.2543
1505836857 49.0333 9.2538
1505836862 49.0324 9.2536
1505836868 49.0307 9.2534
1505836874 49.0284 9.2529
1505836879 49.0275 9.2525
1505836884 49.0256 9.2514
1505836889 49.0240 9.2502
1505836894 49.0223 9.2488
1505836899 49.0207 9.2479
1505836906 49.0188 9.2472
1505836911 49.0169 9.2469
1505836916 49.0160 9.2467
1505836921 49.0145 9.2462
1505836926 49.0131 9.2455
1505836931 49.0118 9.2445
1505836937 49.0102 9.2432
1505836942 49.0088 9.2416

